2
2
3
7
10
19
23
31
39
47
59
69
70
80
91
96
105
115
120
130
134
142
147
155
160
167
172
178
187
190
199
203
210
218
221
228
231
238
240
246
251
254
259
261
267
268
273
275
279
282
286
288
292
295
296
298
301
304
305
308
309
312
314
316
318
319
322
324
326
328
330
331
333
335
336
338
340
341
343
344
344
345
346
347
348
349
349
350
351
352
353
354
355
355
356
356
356
356
356
356
355
355
355
356
356
356
357
357
357
357
357
357
357
357
357
357
357
356
356
357
357
357
357
357
357
357
357
356
356
355
354
354
353
352
352
351
350
349
349
348
347
347
347
347
346
345
344
344
343
343
342
340
339
337
336
334
332
330
328
327
325
323
322
319
317
314
311
309
306
304
300
298
295
292
288
287
284
283
279
277
277
275
275
273
272
271
269
268
265
264
263
261
260
258
257
257
256
254
253
253
252
251
250
250
250
249
249
248
247
246
245
244
242
241
239
239
238
237
237
236
236
236
235
234
234
233
232
231
231
230
229
229
228
228
228
228
228
227
226
226
225
225
224
223
223
223
222
222
221
220
219
219
218
218
217
217
217
217
216
216
215
215
214
214
214
213
212
212
211
211
210
210
209
209
209
208
208
208
207
207
207
207
207
207
206
206
205
205
205
205
205
205
205
205
205
205
205
205
205
204
204
204
204
203
203
203
203
203
204
204
204
204
205
205
205
205
205
205
205
204
204
203
203
203
203
203
202
202
201
201
201
200
200
200
200
200
200
200
200
200
200
200
200
200
200
200
200
201
201
201
201
201
201
201
201
201
201
201
201
200
200
200
200
200
200
200
200
200
200
200
200
200
200
200
200
200
200
200
200
200
201
202
202
203
204
204
205
206
206
207
208
208
209
209
210
209
209
208
208
207
207
206
206
205
205
205
205
204
204
204
205
